16  8  8
0.1
2e13
3e13
4e13
5e13
6e13
0

16  8  13
0.1
2e13
3e13
4e13
5e13
6e13
0

16  8  21
0.1
2e13
3e13
4e13
5e13
6e13
0

16  8  30
0.1
2e13
3e13
4e13
5e13
6e13
0

16  8  41
0.1
2e13
3e13
4e13
5e13
6e13
0

16  8  60
0.1
2e13
3e13
4e13
5e13
6e13
0

16  8  80
0.1
2e13
3e13
4e13
5e13
6e13
0

16  8  100
0.1
2e13
3e13
4e13
5e13
6e13
0

35  17  22
0.1
2e13
3e13
4e13
5e13
6e13
0

35  17  28
0.1
2e13
3e13
4e13
5e13
6e13
0

35  17  41
0.1
2e13
3e13
4e13
5e13
6e13
0

35  17  48
0.1
2e13
3e13
4e13
5e13
6e13
0

35  17  70
0.1
2e13
3e13
4e13
5e13
6e13
0

35  17  90
0.1
2e13
3e13
4e13
5e13
6e13
0

35  17  110
0.1
2e13
3e13
4e13
5e13
6e13
0

40  18  16
0.1
2e13
3e13
4e13
5e13
6e13
0

40  18  21
0.1
2e13
3e13
4e13
5e13
6e13
0

40  18  32
0.1
2e13
3e13
4e13
5e13
6e13
0

40  18  35
0.1
2e13
3e13
4e13
5e13
6e13
0

40  18  50
0.1
2e13
3e13
4e13
5e13
6e13
0

40  18  70
0.1
2e13
3e13
4e13
5e13
6e13
0

40  18  90
0.1
2e13
3e13
4e13
5e13
6e13
0

79  35  51
0.1
2e13
3e13
4e13
5e13
6e13
0

79  35  59
0.1
2e13
3e13
4e13
5e13
6e13
0

79  35  67
0.1
2e13
3e13
4e13
5e13
6e13
0

79  35  76
0.1
2e13
3e13
4e13
5e13
6e13
0

79  35  85
0.1
2e13
3e13
4e13
5e13
6e13
0

79  35  95
0.1
2e13
3e13
4e13
5e13
6e13
0

79  35  105
0.1
2e13
3e13
4e13
5e13
6e13
0

127  53  49
0.1
2e13
3e13
4e13
5e13
6e13
0

127  53  57
0.1
2e13
3e13
4e13
5e13
6e13
0

127  53  66
0.1
2e13
3e13
4e13
5e13
6e13
0

127  53  76
0.1
2e13
3e13
4e13
5e13
6e13
0

127  53  85
0.1
2e13
3e13
4e13
5e13
6e13
0

127  53  95
0.1
2e13
3e13
4e13
5e13
6e13
0

127  53  106
0.1
2e13
3e13
4e13
5e13
6e13
0

0 0 0
